32,5
32,1
32,3
26,5
34,4
37,35
26,4
26,1
26,3
25,4
25,1
25,3
14,5
34,3
3,2
3,1
3,3
10,7
10,209
10,299
10,23
10,21
10,213
10,233
10,1
10,289
10,2
10,3
11,17
11,19
11,27
11,25
11,9
11,1
11,23
11,2
11,3
9,5
9,1
9,7
9,2
9,3
8,17
8,5
8,18
8,12
8,15
8,1
8,10
8,2
8,3
0,318
12,2
12,1
12,3
20,2
20,1
20,3
19,2
19,1
19,3
18,1
18,3
14,1
14,4
14,3
13,1
13,3
2,2
34,33
34,32
34,31
34,30
34,29
34,28
34,27
34,26
34,25
34,24
34,23
34,22
2,1
34,21
34,20
34,19
34,18
34,17
34,16
34,15
34,14
34,13
34,12
34,11
34,10
2,3
34,9
34,8
34,7
34,6
34,1
34,5
0,474
0,0
